{
  "type": "heg",
  "n_up": 27,
  "n_dn": 27,
  "r_s": 0.5,
  "rcut_vars": [3.0, 3.5, 4.0, 4.5, 5.0],
  "eps_vars": [0.0010, 0.0008, 0.0006, 0.0004, 0.0002],
  "rcut_pts": [5.0, 5.5, 6.0, 6.5, 7.0, 7.5],
  "eps_pts": [0.000010, 0.000008, 0.000006, 0.000004, 0.000002]
}
